Xa = 2.0
Sx = 0.8164966
Ya = 3.0
Sy = 2.1602468
r  = 0.9449111223220825
